-181.335, 80.540, 2.400
-181.339, 79.539, 2.560
-181.342, 78.535, 2.721
-181.345, 77.529, 2.882
-181.348, 76.520, 3.043
-181.351, 75.508, 3.205
-181.354, 74.494, 3.367
-181.357, 73.477, 3.530
-181.359, 72.458, 3.693
-181.362, 71.437, 3.857
-181.364, 70.413, 4.020
-181.366, 69.386, 4.185
-181.369, 68.358, 4.349
-181.371, 67.327, 4.514
-181.373, 66.293, 4.679
-181.375, 65.258, 4.845
-181.377, 64.220, 5.011
-181.378, 63.180, 5.178
-181.380, 62.138, 5.344
-181.382, 61.094, 5.511
-181.383, 60.048, 5.679
-181.384, 59.000, 5.846
-181.386, 57.949, 6.014
-181.387, 56.897, 6.183
-181.388, 55.843, 6.352
-181.389, 54.787, 6.520
-181.390, 53.729, 6.690
-181.391, 52.669, 6.859
-181.391, 51.607, 7.029
-181.392, 50.544, 7.199
-181.393, 49.479, 7.370
-181.393, 48.412, 7.540
-181.393, 47.343, 7.711
-181.394, 46.273, 7.883
-181.394, 45.201, 8.054
-181.394, 44.128, 8.226
-181.394, 43.053, 8.398
-181.394, 41.977, 8.570
-181.394, 40.899, 8.743
-181.394, 39.819, 8.915
-181.393, 38.739, 9.088
-181.393, 37.656, 9.261
-181.392, 36.573, 9.435
-181.392, 35.488, 9.608
-181.391, 34.402, 9.782
-181.390, 33.315, 9.956
-181.390, 32.226, 10.130
-181.389, 31.136, 10.305
-181.388, 30.045, 10.479
-181.387, 28.953, 10.654
-181.386, 27.860, 10.829
-181.384, 26.766, 11.004
-181.383, 25.671, 11.179
-181.382, 24.575, 11.354
-181.380, 23.478, 11.530
-181.379, 22.380, 11.706
-181.377, 21.281, 11.881
-181.375, 20.181, 12.057
-181.374, 19.181, 12.217
-181.372, 18.180, 12.378
-181.370, 17.178, 12.538
-181.369, 16.175, 12.698
-181.367, 15.173, 12.859
-181.365, 14.169, 13.019
-181.363, 13.165, 13.180
-181.361, 12.161, 13.341
-181.359, 11.156, 13.502
-181.357, 10.150, 13.662
-181.354, 9.144, 13.823
-181.352, 8.138, 13.984
-181.350, 7.131, 14.145
-181.347, 6.124, 14.306
-181.345, 5.117, 14.468
-181.342, 4.110, 14.629
-181.340, 3.102, 14.790
-181.337, 2.094, 14.951
-181.335, 1.085, 15.113
-181.332, 0.077, 15.274
-181.329, -0.932, 15.436
-181.326, -1.941, 15.597
-181.323, -2.950, 15.758
-181.320, -3.959, 15.920
-181.317, -4.968, 16.081
-181.314, -5.977, 16.243
-181.311, -6.987, 16.404
-181.308, -7.996, 16.566
-181.305, -9.005, 16.727
-181.301, -10.014, 16.889
-181.298, -11.024, 17.050
-181.295, -12.033, 17.212
-181.291, -13.041, 17.373
-181.288, -14.050, 17.534
-181.284, -15.059, 17.696
-181.281, -16.067, 17.857
-181.277, -17.075, 18.018
-181.273, -18.083, 18.180
-181.269, -19.091, 18.341
-181.266, -20.098, 18.502
-181.262, -21.105, 18.663
-181.258, -22.112, 18.824
-181.254, -23.118, 18.985
-181.250, -24.124, 19.146
-181.246, -25.130, 19.307
-181.242, -26.135, 19.468
-181.238, -27.139, 19.629
-181.234, -28.143, 19.789
-181.229, -29.147, 19.950
-181.225, -30.150, 20.110
-181.221, -31.152, 20.271
-181.216, -32.154, 20.431
-181.212, -33.155, 20.591
-181.208, -34.156, 20.751
-181.203, -35.256, 20.927
-181.198, -36.355, 21.103
-181.192, -37.453, 21.279
-181.187, -38.550, 21.454
-181.182, -39.646, 21.630
-181.177, -40.741, 21.805
-181.172, -41.836, 21.980
-181.166, -42.929, 22.155
-181.161, -44.021, 22.330
-181.156, -45.112, 22.504
-181.150, -46.202, 22.679
-181.145, -47.291, 22.853
-181.139, -48.378, 23.027
-181.133, -49.464, 23.201
-181.128, -50.549, 23.374
-181.122, -51.633, 23.548
-181.116, -52.715, 23.721
-181.111, -53.796, 23.894
-181.105, -54.876, 24.067
-181.099, -55.954, 24.239
-181.093, -57.031, 24.411
-181.087, -58.106, 24.583
-181.081, -59.179, 24.755
-181.075, -60.251, 24.927
-181.069, -61.322, 25.098
-181.063, -62.391, 25.269
-181.056, -63.458, 25.440
-181.050, -64.523, 25.610
-181.044, -65.587, 25.780
-181.038, -66.648, 25.950
-181.031, -67.708, 26.120
-181.025, -68.767, 26.289
-181.018, -69.823, 26.458
-181.012, -70.877, 26.627
-181.005, -71.930, 26.795
-180.999, -72.980, 26.963
-180.992, -74.029, 27.131
-180.986, -75.075, 27.299
-180.979, -76.120, 27.466
-180.972, -77.162, 27.632
-180.966, -78.202, 27.799
-180.959, -79.240, 27.965
-180.952, -80.276, 28.131
-180.945, -81.309, 28.296
-180.938, -82.341, 28.461
-180.931, -83.370, 28.626
-180.924, -84.396, 28.790
-180.917, -85.420, 28.954
-180.910, -86.442, 29.117
-180.903, -87.462, 29.119
-180.896, -88.479, 29.037
-180.889, -89.493, 28.956
-180.882, -90.505, 28.875
-180.875, -91.514, 28.794
-180.868, -92.521, 28.714
-180.861, -93.525, 28.634
-180.853, -94.526, 28.553
-180.845, -95.616, 28.466
-180.838, -96.702, 28.379
-180.830, -97.785, 28.293
-180.822, -98.864, 28.206
-180.813, -99.940, 28.120
-180.805, -101.013, 28.035
-180.797, -102.082, 27.949
-180.789, -103.147, 27.864
-180.781, -104.210, 27.779
-180.773, -105.268, 27.694
-180.765, -106.323, 27.610
-180.756, -107.374, 27.526
-180.748, -108.421, 27.442
-180.740, -109.465, 27.358
-180.731, -110.505, 27.275
-180.723, -111.541, 27.192
-180.715, -112.573, 27.110
-180.706, -113.601, 27.028
-180.698, -114.625, 26.946
-180.690, -115.645, 26.864
-180.681, -116.661, 26.783
-180.673, -117.673, 26.702
-180.664, -118.680, 26.621
-180.656, -119.684, 26.541
-180.646, -120.766, 26.454
-180.637, -121.843, 26.368
-180.628, -122.916, 26.283
-180.619, -123.983, 26.197
-180.609, -125.044, 26.112
-180.600, -126.101, 26.028
-180.591, -127.152, 25.944
-180.581, -128.198, 25.860
-180.572, -129.238, 25.777
-180.562, -130.273, 25.694
-180.553, -131.303, 25.612
-180.544, -132.326, 25.530
-180.534, -133.345, 25.448
-180.525, -134.357, 25.367
-180.515, -135.364, 25.287
-180.506, -136.365, 25.207
-180.495, -137.436, 25.121
-180.485, -138.500, 25.036
-180.475, -139.558, 24.951
-180.465, -140.608, 24.867
-180.455, -141.652, 24.784
-180.444, -142.688, 24.701
-180.434, -143.717, 24.619
-180.424, -144.739, 24.537
-180.414, -145.753, 24.456
-180.403, -146.760, 24.375
-180.392, -147.831, 24.290
-180.381, -148.893, 24.205
-180.370, -149.946, 24.120
-180.359, -150.991, 24.037
-180.348, -152.026, 23.954
-180.337, -153.053, 23.872
-180.326, -154.070, 23.790
-180.315, -155.078, 23.710
-180.304, -156.143, 23.625
-180.292, -157.198, 23.540
-180.280, -158.241, 23.457
-180.269, -159.274, 23.374
-180.257, -160.296, 23.292
-180.245, -161.307, 23.212
-180.233, -162.369, 23.127
-180.221, -163.418, 23.043
-180.208, -164.454, 22.960
-180.196, -165.478, 22.878
-180.184, -166.488, 22.797
-180.171, -167.543, 22.713
-180.158, -168.583, 22.630
-180.145, -169.609, 22.548
-180.132, -170.619, 22.467
-180.119, -171.668, 22.383
-180.105, -172.700, 22.300
-180.092, -173.715, 22.219
-180.078, -174.764, 22.135
-180.064, -175.793, 22.053
-180.050, -176.802, 21.972
-180.035, -177.840, 21.889
-180.021, -178.855, 21.808
-180.006, -179.895, 21.725
-179.991, -180.909, 21.644
-179.975, -181.942, 21.561
-179.960, -182.948, 21.480
-179.944, -183.966, 21.399
-179.927, -184.994, 21.317
-179.910, -186.026, 21.234
-179.892, -187.059, 21.152
-179.874, -188.086, 21.069
-179.856, -189.103, 20.988
-179.837, -190.104, 20.908
-179.817, -191.114, 20.827
-179.796, -192.120, 20.747
-179.774, -193.136, 20.665
-179.751, -194.141, 20.585
-179.721, -195.149, 20.504
-179.662, -196.150, 20.424
-179.574, -197.150, 20.585
-179.457, -198.148, 20.746
-179.313, -199.144, 20.907
-179.145, -200.137, 21.068
-178.953, -201.126, 21.229
-178.741, -202.111, 21.390
-178.508, -203.089, 21.551
-178.258, -204.062, 21.712
-177.991, -205.028, 21.872
-177.704, -206.001, 22.034
-177.403, -206.965, 22.196
-177.088, -207.922, 22.357
-176.762, -208.869, 22.517
-176.420, -209.821, 22.679
-176.068, -210.764, 22.840
-175.702, -211.710, 23.003
-175.327, -212.646, 23.164
-174.946, -213.571, 23.324
-174.552, -214.499, 23.485
-174.147, -215.430, 23.648
-173.736, -216.348, 23.809
-173.315, -217.269, 23.971
-172.891, -218.177, 24.131
-172.458, -219.087, 24.292
-172.015, -219.999, 24.454
-171.571, -220.897, 24.615
-171.119, -221.795, 24.776
-170.660, -222.695, 24.937
-170.193, -223.595, 25.100
-169.727, -224.480, 25.260
-169.255, -225.366, 25.420
-168.777, -226.252, 25.581
-168.294, -227.136, 25.743
-167.805, -228.021, 25.904
-167.312, -228.904, 26.066
-166.814, -229.787, 26.228
-166.312, -230.668, 26.390
-165.806, -231.548, 26.553
-165.297, -232.426, 26.715
-164.786, -233.302, 26.878
-164.271, -234.176, 27.040
-163.754, -235.048, 27.202
-163.236, -235.917, 27.364
-162.716, -236.783, 27.526
-162.194, -237.647, 27.687
-161.672, -238.507, 27.848
-161.150, -239.364, 28.009
-160.627, -240.218, 28.169
-160.097, -241.081, 28.331
-159.567, -241.940, 28.492
-159.038, -242.795, 28.653
-158.510, -243.646, 28.813
-157.976, -244.505, 28.975
-157.444, -245.359, 29.136
-156.915, -246.208, 29.296
-156.380, -247.064, 29.458
-155.850, -247.914, 29.618
-155.315, -248.771, 29.780
-154.784, -249.622, 29.940
-154.251, -250.478, 30.101
-153.716, -251.339, 30.264
-153.186, -252.193, 30.424
-152.656, -253.050, 30.550
-152.126, -253.912, 30.486
-151.596, -254.776, 30.421
-151.075, -255.630, 30.358
-150.557, -256.485, 30.294
-150.035, -257.354, 30.230
-149.518, -258.222, 30.166
-149.007, -259.089, 30.102
-148.503, -259.954, 30.039
-148.001, -260.827, 29.975
-147.503, -261.706, 29.911
-147.010, -262.593, 29.846
-146.533, -263.483, 29.782
-146.071, -264.373, 29.943
-145.617, -265.278, 30.105
-145.179, -266.182, 30.265
-144.749, -267.100, 30.428
-144.333, -268.015, 30.588
-143.926, -268.943, 30.750
-143.533, -269.866, 30.911
-143.148, -270.801, 30.974
-142.778, -271.730, 30.897
-142.415, -272.669, 30.820
-142.059, -273.619, 30.742
-141.718, -274.561, 30.666
-141.384, -275.511, 30.589
-141.058, -276.471, 30.511
-140.745, -277.422, 30.434
-140.439, -278.380, 30.357
-140.141, -279.346, 30.280
-139.851, -280.320, 30.202
-139.573, -281.282, 30.126
-139.303, -282.251, 30.049
-139.040, -283.227, 29.971
-138.785, -284.208, 29.894
-138.538, -285.195, 29.816
-138.302, -286.169, 29.739
-138.074, -287.148, 29.662
-137.854, -288.131, 29.585
-137.641, -289.120, 29.508
-137.436, -290.112, 29.430
-137.238, -291.109, 29.352
-137.048, -292.110, 29.274
-136.870, -293.094, 29.198
-136.698, -294.082, 29.121
-136.535, -295.074, 29.044
-136.379, -296.067, 28.967
-136.231, -297.064, 28.890
-136.091, -298.062, 28.813
-135.958, -299.063, 28.736
-135.833, -300.065, 28.658
-135.717, -301.070, 28.581
-135.608, -302.075, 28.504
-135.507, -303.082, 28.426
-135.414, -304.089, 28.349
-135.330, -305.097, 28.271
-135.254, -306.106, 28.194
-135.186, -307.115, 28.116
-135.126, -308.123, 28.039
-135.074, -309.132, 27.962
-135.031, -310.140, 27.885
-134.997, -311.147, 27.807
-134.971, -312.154, 27.730
-134.954, -313.159, 27.653
-134.945, -314.162, 27.577
-134.945, -315.164, 27.500
-134.953, -316.165, 27.423
-134.971, -317.182, 27.345
-134.999, -318.197, 27.268
-135.035, -319.210, 27.190
-135.081, -320.219, 27.113
-135.136, -321.226, 27.036
-135.200, -322.228, 26.959
-135.274, -323.228, 26.882
-135.359, -324.242, 26.804
-135.455, -325.252, 26.727
-135.560, -326.257, 26.649
-135.675, -327.258, 26.572
-135.801, -328.253, 26.495
-135.939, -329.262, 26.417
-136.088, -330.265, 26.340
-136.248, -331.261, 26.263
-136.419, -332.251, 26.186
-136.600, -333.235, 26.109
-136.796, -334.229, 26.032
-137.004, -335.216, 25.954
-137.223, -336.196, 25.878
-137.458, -337.184, 25.800
-137.705, -338.164, 25.722
-137.964, -339.135, 25.646
-138.240, -340.114, 25.568
-138.529, -341.082, 25.490
-138.830, -342.041, 25.413
-139.150, -343.005, 25.336
-139.484, -343.958, 25.258
-139.831, -344.899, 25.182
-140.198, -345.844, 25.104
-140.579, -346.776, 25.027
-140.974, -347.695, 24.950
-141.390, -348.616, 24.873
-141.822, -349.523, 24.796
-142.276, -350.429, 24.719
-142.745, -351.320, 24.880
-143.234, -352.205, 25.042
-143.726, -353.082, 25.203
-144.218, -353.958, 25.363
-144.711, -354.831, 25.524
-145.203, -355.703, 25.684
-145.705, -356.587, 25.847
-146.207, -357.470, 26.009
-146.709, -358.350, 26.171
-147.211, -359.229, 26.333
-147.713, -360.105, 26.495
-148.215, -360.981, 26.656
-148.717, -361.854, 26.817
-149.219, -362.726, 26.978
-149.721, -363.596, 27.139
-150.222, -364.465, 27.300
-150.723, -365.333, 27.460
-151.224, -366.199, 27.620
-151.733, -367.079, 27.783
-152.242, -367.958, 27.945
-152.750, -368.836, 28.107
-153.258, -369.712, 28.269
-153.765, -370.588, 28.431
-154.271, -371.463, 28.593
-154.777, -372.337, 28.755
-155.282, -373.211, 28.916
-155.786, -374.083, 29.077
-156.289, -374.956, 29.238
-156.791, -375.828, 29.399
-157.293, -376.699, 29.560
-157.793, -377.570, 29.721
-158.292, -378.441, 29.882
-158.790, -379.312, 30.042
-159.287, -380.183, 30.203
-159.782, -381.054, 30.363
-160.276, -381.924, 30.523
-160.769, -382.796, 30.683
-161.261, -383.667, 30.843
-161.759, -384.553, 31.006
-162.255, -385.440, 31.169
-162.750, -386.327, 31.331
-163.244, -387.215, 31.494
-163.735, -388.104, 31.656
-164.225, -388.993, 31.819
-164.713, -389.883, 31.981
-165.198, -390.775, 32.143
-165.682, -391.667, 32.306
-166.164, -392.560, 32.468
-166.644, -393.454, 32.631
-167.122, -394.350, 32.793
-167.597, -395.247, 32.955
-168.070, -396.145, 33.118
-168.541, -397.045, 33.280
-169.009, -397.947, 33.443
-169.475, -398.850, 33.605
-169.939, -399.755, 33.768
-170.392, -400.646, 33.928
-170.842, -401.540, 33.874
-171.290, -402.435, 33.795
-171.736, -403.333, 33.716
-172.179, -404.232, 33.636
-172.619, -405.134, 33.557
-173.056, -406.038, 33.478
-173.490, -406.944, 33.398
-173.922, -407.853, 33.319
-174.350, -408.764, 33.239
-174.776, -409.678, 33.160
-175.198, -410.594, 33.080
-175.617, -411.513, 33.000
-176.033, -412.435, 32.920
-176.446, -413.360, 32.840
-176.856, -414.288, 32.760
-177.262, -415.218, 32.680
-177.665, -416.152, 32.599
-178.057, -417.073, 32.520
-178.446, -417.998, 32.441
-178.832, -418.925, 32.362
-179.214, -419.856, 32.282
-179.593, -420.790, 32.202
-179.968, -421.728, 32.123
-180.340, -422.669, 32.043
-180.707, -423.614, 31.963
-181.071, -424.563, 31.882
-181.425, -425.499, 31.803
-181.776, -426.438, 31.724
-182.122, -427.382, 31.645
-182.465, -428.331, 31.565
-182.800, -429.295, 31.484
-183.122, -430.263, 31.648
-183.431, -431.229, 31.810
-183.728, -432.186, 31.970
-184.018, -433.152, 32.132
-184.303, -434.126, 32.294
-184.582, -435.104, 32.457
-184.854, -436.082, 32.619
-185.119, -437.058, 32.781
-185.378, -438.028, 32.941
-185.638, -439.023, 33.106
-185.891, -440.008, 33.269
-186.136, -440.982, 33.429
-186.383, -441.976, 33.593
-186.622, -442.955, 33.755
-186.862, -443.952, 33.919
-187.094, -444.931, 34.080
-187.327, -445.927, 34.243
-187.553, -446.902, 34.403
-187.778, -447.892, 34.566
-188.005, -448.896, 34.731
-188.223, -449.876, 34.891
-188.442, -450.869, 35.054
-188.661, -451.876, 35.219
-188.872, -452.854, 35.379
-189.083, -453.844, 35.541
-189.295, -454.846, 35.556
-189.507, -455.860, 35.556
-189.710, -456.841, 35.556
-189.914, -457.833, 35.556
-190.118, -458.836, 35.556
-190.322, -459.848, 35.556
-190.526, -460.870, 35.556
-190.722, -461.857, 35.556
-190.918, -462.852, 35.556
-191.114, -463.856, 35.556
-191.310, -464.869, 35.556
-191.506, -465.890, 35.556
-191.703, -466.919, 35.556
-191.890, -467.909, 35.556
-192.077, -468.906, 35.556
-192.265, -469.910, 35.556
-192.452, -470.922, 35.556
-192.640, -471.940, 35.556
-192.827, -472.965, 35.556
-193.015, -473.997, 35.556
-193.193, -474.986, 35.556
-193.371, -475.981, 35.556
-193.549, -476.982, 35.556
-193.727, -477.989, 35.556
-193.905, -479.001, 35.556
-194.083, -480.018, 35.556
-194.261, -481.042, 35.556
-194.439, -482.070, 35.556
-194.616, -483.104, 35.556
-194.784, -484.090, 35.556
-194.952, -485.082, 35.556
-195.120, -486.078, 35.556
-195.288, -487.078, 35.556
-195.455, -488.082, 35.556
-195.623, -489.091, 35.556
-195.790, -490.104, 35.556
-195.956, -491.121, 35.556
-196.123, -492.143, 35.556
-196.289, -493.168, 35.556
-196.455, -494.196, 35.556
-196.620, -495.229, 35.556
-196.786, -496.265, 35.556
-196.951, -497.305, 35.556
-197.107, -498.294, 35.556
-197.262, -499.285, 35.556
-197.417, -500.280, 35.556
-197.572, -501.277, 35.556
-197.727, -502.277, 35.556
-197.881, -503.281, 35.556
-198.035, -504.286, 35.556
-198.188, -505.295, 35.556
-198.341, -506.306, 35.556
-198.494, -507.320, 35.556
-198.646, -508.336, 35.556
-198.798, -509.355, 35.556
-198.949, -510.375, 35.556
-199.100, -511.399, 35.556
-199.251, -512.424, 35.556
-199.401, -513.451, 35.556
-199.550, -514.481, 35.556
-199.699, -515.512, 35.556
-199.848, -516.546, 35.556
-199.996, -517.581, 35.556
-200.143, -518.618, 35.556
-200.290, -519.657, 35.556
-200.436, -520.697, 35.556
-200.582, -521.739, 35.556
-200.728, -522.782, 35.556
-200.872, -523.827, 35.556
-201.016, -524.873, 35.471
-201.160, -525.921, 35.387
-201.303, -526.969, 35.303
-201.437, -527.961, 35.223
-201.571, -528.953, 35.144
-201.704, -529.947, 35.064
-201.837, -530.941, 34.984
-201.969, -531.936, 34.904
-202.101, -532.932, 34.824
-202.231, -533.928, 34.744
-202.362, -534.925, 34.664
-202.491, -535.923, 34.584
-202.620, -536.921, 34.503
-202.749, -537.920, 34.423
-202.877, -538.919, 34.343
-203.004, -539.918, 34.263
-203.130, -540.917, 34.183
-203.256, -541.917, 34.102
-203.381, -542.917, 34.022
-203.505, -543.917, 33.942
-203.629, -544.917, 33.862
-203.752, -545.917, 33.781
-203.874, -546.917, 33.701
-203.995, -547.917, 33.621
-204.116, -548.917, 33.541
-204.236, -549.916, 33.461
-204.355, -550.915, 33.380
-204.474, -551.914, 33.300
-204.592, -552.912, 33.220
-204.709, -553.910, 33.140
-204.825, -554.907, 33.060
-204.940, -555.904, 32.980
-205.055, -556.900, 32.901
-205.168, -557.895, 32.821
-205.281, -558.889, 32.741
-205.400, -559.941, 32.657
-205.517, -560.992, 32.572
-205.634, -562.042, 32.488
-205.750, -563.091, 32.404
-205.865, -564.139, 32.320
-205.978, -565.185, 32.237
-206.091, -566.230, 32.153
-206.203, -567.274, 32.069
-206.314, -568.316, 31.986
-206.423, -569.356, 31.902
-206.532, -570.395, 31.819
-206.640, -571.432, 31.736
-206.746, -572.468, 31.653
-206.852, -573.501, 31.571
-206.956, -574.533, 31.488
-207.059, -575.563, 31.406
-207.161, -576.590, 31.323
-207.262, -577.616, 31.241
-207.362, -578.639, 31.159
-207.461, -579.660, 31.078
-207.559, -580.679, 30.996
-207.655, -581.696, 30.915
-207.751, -582.710, 30.834
-207.845, -583.721, 30.753
-207.938, -584.730, 30.672
-208.029, -585.736, 30.592
-208.120, -586.739, 30.511
-208.209, -587.740, 30.431
-208.297, -588.738, 30.352
-208.389, -589.788, 30.268
-208.479, -590.834, 30.184
-208.568, -591.878, 30.101
-208.655, -592.917, 30.018
-208.741, -593.953, 29.935
-208.826, -594.986, 29.852
-208.909, -596.014, 29.770
-208.990, -597.039, 29.688
-209.070, -598.060, 29.607
-209.149, -599.077, 29.525
-209.226, -600.090, 29.445
-209.302, -601.098, 29.364
-209.376, -602.103, 29.284
-209.448, -603.103, 29.204
-209.523, -604.150, 29.120
-209.596, -605.193, 29.037
-209.667, -606.231, 28.954
-209.736, -607.264, 28.872
-209.803, -608.291, 28.790
-209.869, -609.313, 28.708
-209.933, -610.330, 28.627
-209.995, -611.340, 28.546
-210.055, -612.346, 28.466
-210.114, -613.345, 28.386
-210.173, -614.389, 28.303
-210.230, -615.425, 28.221
-210.285, -616.455, 28.138
-210.338, -617.479, 28.057
-210.389, -618.495, 27.976
-210.438, -619.505, 27.895
-210.484, -620.507, 27.815
-210.531, -621.549, 27.732
-210.575, -622.583, 27.650
-210.616, -623.610, 27.568
-210.656, -624.627, 27.487
-210.692, -625.637, 27.406
-210.726, -626.638, 27.327
-210.759, -627.675, 27.244
-210.790, -628.702, 27.162
-210.817, -629.720, 27.081
-210.842, -630.728, 27.001
-210.864, -631.769, 26.918
-210.884, -632.799, 26.836
-210.900, -633.817, 26.755
-210.914, -634.824, 26.674
-210.924, -635.861, 26.592
-210.931, -636.885, 26.510
-210.934, -637.896, 26.430
-210.934, -638.934, 26.347
-210.930, -639.957, 26.266
-210.922, -640.965, 26.185
-210.910, -641.997, 26.103
-210.893, -643.012, 26.022
-210.872, -644.048, 25.940
-210.845, -645.065, 25.859
-210.813, -646.100, 25.776
-210.775, -647.115, 25.695
-210.731, -648.143, 25.613
-210.681, -649.150, 25.533
-210.624, -650.167, 25.452
-210.558, -651.192, 25.370
-210.487, -652.191, 25.291
-210.406, -653.193, 25.210
-210.315, -654.196, 25.130
-210.213, -655.196, 25.050
-210.101, -656.190, 24.970
-209.972, -657.201, 24.889
-209.831, -658.197, 24.809
-209.670, -659.197, 24.729
-209.490, -660.194, 24.648
-209.294, -661.179, 24.568
-209.092, -662.175, 24.487
-208.887, -663.170, 24.406
-208.677, -664.162, 24.325
-208.464, -665.152, 24.245
-208.247, -666.139, 24.164
-208.025, -667.124, 24.084
-207.800, -668.106, 24.003
-207.570, -669.085, 23.923
-207.335, -670.061, 23.843
-207.095, -671.033, 23.764
-206.847, -672.018, 23.683
-206.593, -672.999, 23.602
-206.334, -673.975, 23.522
-206.070, -674.948, 23.441
-205.799, -675.915, 23.361
-205.523, -676.878, 23.282
-205.237, -677.852, 23.201
-204.943, -678.821, 23.120
-204.644, -679.784, 23.040
-204.338, -680.741, 22.960
-204.025, -681.692, 22.880
-203.699, -682.653, 22.799
-203.366, -683.606, 22.719
-203.026, -684.553, 22.639
-202.678, -685.493, 22.559
-202.316, -686.440, 22.478
-201.946, -687.380, 22.398
-201.568, -688.312, 22.318
-201.181, -689.235, 22.238
-200.778, -690.164, 22.157
-200.367, -691.085, 22.077
-199.945, -691.996, 21.997
-199.508, -692.911, 21.916
-199.060, -693.816, 21.836
-198.601, -694.712, 21.756
-198.132, -695.596, 21.676
-197.645, -696.483, 21.595
-197.147, -697.359, 21.515
-196.636, -698.223, 21.435
-196.107, -699.087, 21.354
-195.565, -699.939, 21.274
-195.010, -700.778, 21.194
-194.443, -701.604, 21.114
-193.853, -702.429, 21.033
-193.251, -703.239, 20.953
-192.634, -704.035, 20.873
-192.004, -704.816, 20.793
-191.359, -705.582, 20.713
-190.690, -706.343, 20.632
-190.006, -707.089, 20.552
-189.307, -707.818, 20.471
-188.591, -708.530, 20.391
-187.861, -709.225, 20.311
-187.114, -709.903, 20.230
-186.350, -710.563, 20.150
-185.571, -711.205, 20.069
-184.774, -711.829, 19.989
-183.960, -712.434, 19.908
-183.142, -713.012, 19.828
-182.306, -713.571, 19.748
-181.454, -714.111, 19.668
-180.583, -714.633, 19.587
-179.709, -715.127, 19.507
-178.817, -715.602, 19.427
-177.921, -716.051, 19.347
-177.008, -716.480, 19.266
-176.092, -716.884, 19.187
-175.158, -717.269, 19.106
-174.223, -717.629, 19.026
-173.270, -717.970, 18.946
-172.315, -718.287, 18.866
-171.343, -718.584, 18.785
-170.371, -718.859, 18.704
-169.398, -719.110, 18.624
-168.408, -719.343, 18.543
-167.419, -719.554, 18.463
-166.431, -719.744, 18.383
-165.439, -719.910, 18.302
-164.441, -720.040, 18.331
-163.436, -720.131, 18.493
-162.437, -720.187, 18.653
-161.434, -720.209, 18.814
-160.429, -720.200, 18.974
-159.424, -720.160, 19.135
-158.419, -720.092, 19.296
-157.417, -719.996, 19.457
-156.418, -719.875, 19.618
-155.423, -719.729, 19.779
-154.434, -719.560, 19.940
-153.451, -719.369, 20.100
-152.464, -719.156, 20.262
-151.486, -718.922, 20.423
-150.516, -718.670, 20.583
-149.545, -718.396, 20.744
-148.585, -718.107, 20.905
-147.625, -717.797, 21.066
-146.677, -717.473, 21.227
-145.730, -717.130, 21.278
-144.786, -716.769, 21.208
-143.855, -716.396, 21.138
-142.928, -716.006, 21.068
-142.005, -715.600, 20.998
-141.087, -715.177, 20.927
-140.185, -714.745, 20.857
-139.289, -714.298, 20.788
-138.400, -713.837, 20.718
-137.518, -713.361, 20.648
-136.644, -712.872, 20.578
-135.778, -712.370, 20.508
-134.911, -711.848, 20.438
-134.055, -711.313, 20.368
-133.209, -710.766, 20.297
-132.374, -710.207, 20.227
-131.552, -709.637, 20.158
-130.732, -709.047, 20.087
-129.927, -708.447, 20.017
-129.126, -707.829, 19.947
-128.341, -707.199, 19.877
-127.564, -706.552, 19.806
-126.803, -705.895, 19.736
-126.053, -705.221, 19.666
-125.321, -704.537, 19.596
-124.602, -703.836, 19.526
-123.896, -703.118, 19.456
-123.206, -702.384, 19.386
-122.532, -701.633, 19.315
-121.876, -700.866, 19.245
-121.241, -700.083, 19.175
-120.628, -699.285, 19.104
-120.038, -698.471, 19.034
-119.475, -697.642, 18.965
-118.934, -696.790, 18.894
-118.425, -695.923, 18.824
-117.948, -695.043, 18.984
-117.500, -694.145, 19.145
-117.072, -693.227, 19.307
-116.666, -692.291, 19.470
-116.289, -691.359, 19.631
-115.933, -690.410, 19.793
-115.597, -689.446, 19.957
-115.288, -688.488, 20.118
-114.997, -687.515, 20.280
-114.730, -686.551, 20.440
-114.480, -685.573, 20.602
-114.247, -684.582, 20.765
-114.035, -683.602, 20.925
-113.839, -682.610, 21.087
-113.658, -681.606, 21.250
-113.495, -680.614, 21.411
-113.347, -679.612, 21.573
-113.212, -678.599, 21.736
-113.094, -677.602, 21.897
-112.989, -676.594, 22.059
-112.895, -675.577, 22.223
-112.816, -674.576, 22.383
-112.749, -673.567, 22.545
-112.692, -672.550, 22.708
-112.646, -671.524, 22.872
-112.612, -670.517, 23.034
-112.588, -669.503, 23.196
-112.574, -668.481, 23.359
-112.569, -667.480, 23.520
-112.574, -666.472, 23.681
-112.587, -665.458, 23.843
-112.608, -664.437, 24.007
-112.639, -663.410, 24.171
-112.676, -662.406, 24.332
-112.721, -661.396, 24.493
-112.773, -660.381, 24.656
-112.833, -659.360, 24.820
-112.900, -658.334, 24.984
-112.971, -657.333, 25.145
-113.050, -656.327, 25.306
-113.134, -655.317, 25.468
-113.225, -654.303, 25.631
-113.322, -653.284, 25.795
-113.424, -652.261, 25.959
-113.530, -651.265, 26.120
-113.640, -650.265, 26.281
-113.756, -649.262, 26.442
-113.876, -648.255, 26.605
-114.002, -647.245, 26.767
-114.132, -646.233, 26.931
-114.267, -645.217, 27.095
-114.406, -644.198, 27.259
-114.546, -643.208, 27.419
-114.689, -642.215, 27.580
-114.836, -641.220, 27.741
-114.987, -640.223, 27.902
-115.142, -639.224, 28.064
-115.300, -638.222, 28.226
-115.461, -637.219, 28.389
-115.626, -636.214, 28.551
-115.794, -635.208, 28.715
-115.965, -634.200, 28.878
-116.138, -633.190, 29.042
-116.315, -632.180, 29.206
-116.494, -631.168, 29.371
-116.676, -630.155, 29.535
-116.860, -629.141, 29.700
-117.046, -628.126, 29.788
-117.229, -627.142, 29.711
-117.414, -626.158, 29.633
-117.600, -625.173, 29.556
-117.788, -624.188, 29.479
-117.978, -623.203, 29.402
-118.169, -622.217, 29.324
-118.362, -621.231, 29.247
-118.555, -620.246, 29.170
-118.750, -619.260, 29.092
-118.947, -618.275, 29.015
-119.144, -617.290, 28.937
-119.341, -616.305, 28.860
-119.540, -615.321, 28.783
-119.739, -614.338, 28.706
-119.939, -613.356, 28.628
-120.139, -612.374, 28.551
-120.339, -611.393, 28.474
-120.540, -610.413, 28.397
-120.747, -609.403, 28.318
-120.954, -608.394, 28.238
-121.161, -607.387, 28.159
-121.367, -606.381, 28.080
-121.573, -605.377, 28.001
-121.779, -604.375, 27.922
-121.984, -603.374, 27.844
-122.188, -602.376, 27.765
-122.391, -601.380, 27.687
-122.594, -600.386, 27.609
-122.795, -599.394, 27.531
-122.995, -598.405, 27.453
-123.193, -597.418, 27.376
-123.390, -596.434, 27.298
-123.585, -595.453, 27.221
-123.785, -594.445, 27.142
-123.983, -593.439, 27.063
-124.178, -592.437, 26.984
-124.371, -591.438, 26.906
-124.562, -590.443, 26.828
-124.750, -589.452, 26.750
-124.936, -588.464, 26.673
-125.119, -587.481, 26.596
-125.305, -586.472, 26.517
-125.487, -585.467, 26.438
-125.666, -584.467, 26.360
-125.841, -583.472, 26.282
-126.012, -582.481, 26.205
-126.185, -581.467, 26.126
-126.354, -580.458, 26.047
-126.518, -579.455, 25.968
-126.677, -578.458, 25.891
-126.832, -577.466, 25.813
-126.986, -576.452, 25.734
-127.135, -575.445, 25.656
-127.279, -574.445, 25.578
-127.417, -573.452, 25.501
-127.553, -572.438, 25.422
-127.682, -571.432, 25.344
-127.805, -570.434, 25.267
-127.924, -569.417, 25.188
-128.036, -568.408, 25.110
-128.141, -567.408, 25.032
-128.240, -566.392, 24.953
-128.331, -565.385, 24.876
-128.414, -564.388, 24.799
-128.489, -563.375, 24.720
-128.555, -562.374, 24.643
-128.613, -561.359, 24.565
-128.661, -560.355, 24.487
-128.698, -559.340, 24.409
-128.724, -558.337, 24.332
-128.739, -557.325, 24.254
-128.741, -556.303, 24.175
-128.729, -555.296, 24.098
-128.703, -554.282, 24.020
-128.665, -553.281, 23.942
-128.622, -552.280, 23.865
-128.574, -551.274, 23.788
-128.521, -550.267, 23.710
-128.464, -549.262, 23.632
-128.404, -548.264, 23.555
-128.338, -547.258, 23.478
-128.269, -546.247, 23.400
-128.196, -545.248, 23.323
-128.120, -544.248, 23.245
-128.040, -543.249, 23.168
-127.957, -542.251, 23.091
-127.870, -541.238, 23.013
-127.779, -540.229, 22.935
-127.685, -539.225, 22.857
-127.588, -538.227, 22.780
-127.487, -537.218, 22.702
-127.384, -536.217, 22.624
-127.276, -535.207, 22.546
-127.166, -534.206, 22.468
-127.052, -533.197, 22.390
-126.935, -532.198, 22.313
-126.815, -531.193, 22.235
-126.692, -530.200, 22.158
-126.566, -529.201, 22.080
-126.435, -528.197, 22.002
-126.301, -527.186, 21.924
-126.165, -526.191, 21.846
-126.024, -525.191, 21.769
-125.880, -524.188, 21.690
-125.731, -523.180, 21.612
-125.582, -522.190, 21.535
-125.428, -521.197, 21.458
-125.271, -520.201, 21.380
-125.109, -519.203, 21.302
-124.943, -518.203, 21.224
-124.773, -517.203, 21.146
-124.599, -516.201, 21.067
-124.420, -515.198, 20.989
-124.237, -514.195, 20.911
-124.050, -513.192, 20.832
-123.859, -512.190, 20.753
-123.663, -511.188, 20.675
-123.463, -510.187, 20.596
-123.259, -509.188, 20.518
-123.050, -508.191, 20.439
-122.837, -507.195, 20.361
-122.619, -506.203, 20.282
-122.396, -505.213, 20.204
-122.169, -504.227, 20.126
-121.938, -503.244, 20.049
-121.701, -502.265, 19.971
-121.460, -501.290, 19.894
-121.215, -500.320, 19.817
-120.959, -499.336, 19.738
-120.699, -498.357, 19.660
-120.433, -497.384, 19.583
-120.163, -496.417, 19.505
-119.882, -495.439, 19.427
-119.595, -494.467, 19.349
-119.304, -493.503, 19.271
-119.007, -492.548, 19.194
-118.698, -491.583, 19.116
-118.384, -490.627, 19.039
-118.058, -489.663, 18.960
-117.726, -488.709, 18.883
-117.388, -487.767, 18.805
-117.038, -486.819, 18.728
-116.681, -485.883, 18.650
-116.311, -484.943, 18.573
-115.927, -484.001, 18.494
-115.537, -483.073, 18.417
-115.132, -482.145, 18.339
-114.721, -481.234, 18.262
-114.294, -480.324, 18.184
-113.852, -479.417, 18.107
-113.395, -478.515, 18.029
-112.922, -477.620, 17.951
-112.432, -476.733, 17.873
-111.925, -475.856, 17.795
-111.400, -474.991, 17.717
-110.857, -474.140, 17.639
-110.296, -473.306, 17.562
-109.715, -472.490, 17.485
-109.106, -471.683, 17.407
-108.476, -470.901, 17.329
-107.815, -470.135, 17.251
-107.132, -469.400, 17.174
-106.417, -468.689, 17.097
-105.672, -468.011, 17.258
-104.913, -467.359, 17.418
-104.137, -466.723, 17.578
-103.345, -466.102, 17.739
-102.537, -465.497, 17.901
-101.723, -464.914, 18.061
-100.896, -464.347, 18.222
-100.054, -463.795, 18.383
-99.199, -463.260, 18.544
-98.331, -462.740, 18.706
-97.462, -462.242, 18.866
-96.581, -461.760, 19.027
-95.688, -461.294, 19.188
-94.785, -460.844, 19.349
-93.872, -460.410, 19.511
-92.961, -459.997, 19.671
-92.041, -459.600, 19.832
-91.112, -459.220, 19.992
-90.175, -458.855, 20.153
-89.230, -458.507, 20.314
-88.278, -458.176, 20.475
-87.320, -457.861, 20.637
-86.355, -457.563, 20.798
-85.384, -457.282, 20.960
-84.408, -457.017, 21.122
-83.427, -456.770, 21.284
-82.442, -456.540, 21.446
-81.453, -456.327, 21.607
-80.460, -456.132, 21.769
-79.464, -455.954, 21.804
-78.466, -455.795, 21.727
-77.465, -455.653, 21.650
-76.463, -455.529, 21.573
-75.460, -455.423, 21.496
-74.456, -455.335, 21.419
-73.452, -455.265, 21.343
-72.448, -455.214, 21.266
-71.444, -455.182, 21.190
-70.442, -455.169, 21.113
-69.441, -455.174, 21.037
-68.430, -455.198, 20.960
-67.421, -455.243, 20.883
-66.415, -455.306, 20.806
-65.413, -455.390, 20.730
-64.415, -455.494, 20.653
-63.421, -455.618, 20.577
-62.420, -455.764, 20.500
-61.425, -455.931, 20.423
-60.435, -456.118, 20.346
-59.452, -456.327, 20.270
-58.477, -456.558, 20.193
-57.508, -456.809, 20.117
-56.536, -457.086, 20.040
-55.573, -457.385, 19.963
-54.620, -457.706, 19.887
-53.676, -458.050, 19.810
-52.742, -458.416, 19.734
-51.819, -458.806, 19.657
-50.908, -459.218, 19.581
-49.997, -459.658, 19.504
-49.099, -460.123, 19.427
-48.215, -460.611, 19.350
-47.346, -461.122, 19.273
-46.486, -461.664, 19.196
-45.655, -462.227, 19.120
-44.835, -462.825, 19.042
-44.045, -463.444, 18.966
-43.267, -464.098, 18.888
-42.519, -464.775, 18.834
-41.800, -465.473, 18.819
-41.096, -466.207, 18.844
-40.422, -466.964, 18.910
-39.777, -467.741, 19.016
-39.160, -468.540, 19.161
-38.571, -469.359, 19.322
-38.010, -470.198, 19.484
-37.476, -471.057, 19.645
-36.969, -471.936, 19.808
-36.487, -472.834, 19.971
-36.041, -473.731, 20.131
-35.618, -474.645, 20.292
-35.219, -475.577, 20.454
-34.844, -476.526, 20.618
-34.498, -477.470, 20.779
-34.173, -478.430, 20.941
-33.869, -479.405, 21.104
-33.592, -480.373, 21.265
-33.334, -481.355, 21.428
-33.099, -482.328, 21.588
-32.882, -483.314, 21.749
-32.682, -484.312, 21.912
-32.503, -485.299, 22.073
-32.339, -486.298, 22.235
-32.191, -487.307, 22.398
-32.060, -488.303, 22.559
-31.943, -489.310, 22.721
-31.840, -490.326, 22.884
-31.752, -491.326, 23.045
-31.676, -492.336, 23.207
-31.612, -493.354, 23.370
-31.561, -494.356, 23.531
-31.521, -495.365, 23.692
-31.491, -496.381, 23.855
-31.471, -497.405, 24.019
-31.462, -498.410, 24.180
-31.461, -499.421, 24.341
-31.469, -500.439, 24.504
-31.486, -501.463, 24.668
-31.511, -502.466, 24.829
-31.543, -503.474, 24.990
-31.583, -504.488, 25.152
-31.630, -505.507, 25.315
-31.684, -506.530, 25.479
-31.743, -507.531, 25.640
-31.807, -508.536, 25.801
-31.878, -509.546, 25.963
-31.955, -510.559, 26.126
-32.037, -511.576, 26.289
-32.124, -512.596, 26.453
-32.213, -513.592, 26.613
-32.307, -514.591, 26.773
-32.405, -515.593, 26.934
-32.508, -516.598, 27.096
-32.614, -517.605, 27.258
-32.723, -518.614, 27.420
-32.837, -519.626, 27.583
-32.953, -520.640, 27.746
-33.073, -521.655, 27.910
-33.195, -522.673, 28.074
-33.320, -523.692, 28.238
-33.447, -524.712, 28.403
-33.572, -525.705, 28.563
-33.700, -526.700, 28.723
-33.829, -527.695, 28.884
-33.960, -528.691, 29.045
-34.092, -529.687, 29.206
-34.225, -530.684, 29.366
-34.359, -531.682, 29.527
-34.494, -532.679, 29.688
-34.629, -533.676, 29.850
-34.764, -534.674, 30.011
-34.900, -535.671, 30.172
-35.035, -536.667, 30.332
-35.170, -537.664, 30.493
-35.305, -538.659, 30.654
-35.439, -539.653, 30.815
-35.572, -540.647, 30.975
-35.704, -541.639, 31.056
-35.839, -542.658, 30.977
-35.972, -543.676, 30.898
-36.103, -544.692, 30.818
-36.232, -545.706, 30.739
-36.359, -546.718, 30.661
-36.484, -547.728, 30.582
-36.606, -548.736, 30.504
-36.726, -549.741, 30.425
-36.842, -550.744, 30.347
-36.955, -551.743, 30.270
-37.065, -552.740, 30.192
-37.174, -553.761, 30.113
-37.278, -554.779, 30.034
-37.379, -555.793, 29.955
-37.475, -556.803, 29.877
-37.566, -557.809, 29.799
-37.652, -558.811, 29.721
-37.733, -559.808, 29.643
-37.811, -560.828, 29.564
-37.882, -561.843, 29.486
-37.948, -562.853, 29.408
-38.006, -563.857, 29.330
-38.058, -564.856, 29.253
-38.105, -565.875, 29.174
-38.143, -566.888, 29.095
-38.174, -567.895, 29.018
-38.196, -568.894, 28.940
-38.210, -569.913, 28.862
-38.215, -570.924, 28.784
-38.211, -571.927, 28.706
-38.196, -572.948, 28.627
-38.171, -573.960, 28.549
-38.135, -574.963, 28.471
-38.086, -575.981, 28.393
-38.026, -576.990, 28.315
-37.953, -577.989, 28.237
-37.865, -579.001, 28.159
-37.763, -580.002, 28.081
-37.644, -581.015, 28.002
-37.511, -582.016, 28.041
-37.360, -583.020, 28.203
-37.193, -584.039, 28.369
-37.014, -585.057, 28.534
-36.822, -586.074, 28.700
-36.625, -587.055, 28.860
-36.416, -588.034, 29.020
-36.196, -589.011, 29.180
-35.964, -589.988, 29.341
-35.720, -590.963, 29.501
-35.466, -591.936, 29.662
-35.200, -592.908, 29.824
-34.922, -593.878, 29.985
-34.634, -594.846, 30.147
-34.335, -595.813, 30.309
-34.025, -596.778, 30.471
-33.704, -597.741, 30.633
-33.372, -598.702, 30.796
-33.029, -599.661, 30.959
-32.676, -600.618, 31.122
-32.312, -601.574, 31.286
-31.938, -602.527, 31.449
-31.554, -603.477, 31.614
-31.159, -604.426, 31.778
-30.754, -605.372, 31.943
-30.339, -606.316, 32.108
-29.914, -607.258, 32.273
-29.479, -608.197, 32.438
-29.034, -609.134, 32.604
-28.596, -610.035, 32.765
-28.149, -610.933, 32.925
-27.692, -611.829, 33.086
-27.227, -612.722, 33.247
-26.753, -613.613, 33.409
-26.271, -614.502, 33.571
-25.779, -615.387, 33.733
-25.280, -616.270, 33.895
-24.771, -617.151, 34.058
-24.254, -618.028, 34.221
-23.729, -618.903, 34.384
-23.195, -619.774, 34.547
-22.654, -620.643, 34.711
-22.104, -621.509, 34.875
-21.546, -622.372, 35.040
-20.980, -623.232, 35.204
-20.406, -624.088, 35.369
-19.824, -624.942, 35.535
-19.235, -625.792, 35.556
-18.638, -626.639, 35.556
-18.033, -627.483, 35.556
-17.443, -628.292, 35.556
-16.847, -629.098, 35.556
-16.243, -629.901, 35.556
-15.633, -630.701, 35.556
-15.016, -631.497, 35.556
-14.392, -632.290, 35.556
-13.762, -633.080, 35.556
-13.125, -633.867, 35.556
-12.482, -634.649, 35.556
-11.832, -635.429, 35.556
-11.176, -636.205, 35.556
-10.514, -636.977, 35.556
-9.845, -637.746, 35.556
-9.170, -638.511, 35.556
-8.489, -639.272, 35.556
-7.802, -640.030, 35.556
-7.110, -640.783, 35.556
-6.411, -641.533, 35.556
-5.706, -642.279, 35.556
-4.996, -643.022, 35.556
-4.280, -643.760, 35.556
-3.558, -644.494, 35.556
-2.831, -645.224, 35.556
-2.098, -645.950, 35.556
-1.360, -646.672, 35.556
-0.616, -647.390, 35.556
0.132, -648.104, 35.556
0.887, -648.813, 35.556
1.646, -649.518, 35.556
2.410, -650.219, 35.556
3.180, -650.915, 35.556
3.954, -651.607, 35.556
4.733, -652.295, 35.556
5.518, -652.978, 35.556
6.276, -653.630, 35.556
7.039, -654.278, 35.556
7.806, -654.922, 35.556
8.578, -655.562, 35.556
9.353, -656.197, 35.556
10.133, -656.828, 35.556
10.917, -657.454, 35.556
11.705, -658.076, 35.556
12.496, -658.693, 35.556
13.292, -659.306, 35.556
14.092, -659.915, 35.556
14.895, -660.518, 35.556
15.702, -661.117, 35.556
16.513, -661.712, 35.556
17.327, -662.301, 35.556
18.145, -662.886, 35.556
18.966, -663.466, 35.556
19.791, -664.042, 35.556
20.619, -664.612, 35.556
21.451, -665.177, 35.556
22.285, -665.738, 35.556
23.123, -666.293, 35.556
23.964, -666.844, 35.556
24.809, -667.389, 35.556
25.656, -667.929, 35.556
26.506, -668.464, 35.556
27.359, -668.994, 35.556
28.215, -669.519, 35.556
29.074, -670.038, 35.556
29.935, -670.553, 35.556
30.799, -671.062, 35.556
31.666, -671.565, 35.556
32.535, -672.063, 35.556
33.407, -672.556, 35.556
34.281, -673.043, 35.556
35.158, -673.524, 35.556
36.072, -674.019, 35.556
36.988, -674.508, 35.556
37.907, -674.991, 35.556
38.829, -675.468, 35.556
39.752, -675.939, 35.556
40.678, -676.403, 35.556
41.606, -676.861, 35.556
42.536, -677.313, 35.556
43.468, -677.758, 35.556
44.401, -678.197, 35.556
45.337, -678.630, 35.556
46.275, -679.056, 35.556
47.214, -679.475, 35.556
48.155, -679.888, 35.556
49.097, -680.295, 35.556
50.041, -680.695, 35.556
50.987, -681.088, 35.556
51.934, -681.474, 35.556
52.882, -681.854, 35.556
53.831, -682.227, 35.556
54.782, -682.593, 35.556
55.734, -682.952, 35.556
56.687, -683.304, 35.556
57.641, -683.649, 35.556
58.595, -683.987, 35.556
59.551, -684.318, 35.556
60.508, -684.642, 35.556
61.465, -684.959, 35.556
62.423, -685.268, 35.556
63.381, -685.571, 35.556
64.341, -685.866, 35.556
65.300, -686.154, 35.556
66.260, -686.434, 35.556
67.258, -686.717, 35.556
68.255, -686.993, 35.556
69.253, -687.260, 35.556
70.251, -687.519, 35.556
71.249, -687.770, 35.556
72.247, -688.013, 35.556
73.245, -688.247, 35.556
74.243, -688.473, 35.556
75.241, -688.691, 35.556
76.239, -688.900, 35.556
77.236, -689.101, 35.556
78.232, -689.294, 35.556
79.229, -689.478, 35.556
80.224, -689.653, 35.556
81.219, -689.819, 35.556
82.213, -689.977, 35.556
83.207, -690.127, 35.556
84.199, -690.267, 35.556
85.191, -690.399, 35.556
86.218, -690.526, 35.556
87.245, -690.643, 35.556
88.269, -690.751, 35.556
89.293, -690.849, 35.479
90.315, -690.937, 35.402
91.336, -691.016, 35.326
92.355, -691.084, 35.249
93.372, -691.143, 35.173
94.388, -691.192, 35.097
95.402, -691.230, 35.021
96.414, -691.259, 34.945
97.424, -691.277, 34.870
98.431, -691.286, 34.795
99.437, -691.284, 34.719
100.441, -691.272, 34.644
101.442, -691.249, 34.570
102.476, -691.215, 34.492
103.480, -691.170, 34.653
104.529, -691.114, 34.821
105.573, -691.049, 34.989
106.615, -690.974, 35.156
107.652, -690.890, 35.322
108.687, -690.798, 35.488
109.718, -690.696, 35.556
110.745, -690.585, 35.556
111.769, -690.466, 35.556
112.790, -690.337, 35.556
113.808, -690.201, 35.556
114.822, -690.055, 35.556
115.833, -689.901, 35.556
116.841, -689.739, 35.556
117.845, -689.569, 35.556
118.846, -689.390, 35.556
119.845, -689.203, 35.556
120.840, -689.008, 35.556
121.832, -688.805, 35.556
122.821, -688.594, 35.556
123.807, -688.375, 35.556
124.790, -688.148, 35.556
125.770, -687.914, 35.556
126.748, -687.672, 35.556
127.722, -687.423, 35.556
128.693, -687.166, 35.556
129.662, -686.902, 35.556
130.628, -686.630, 35.556
131.591, -686.351, 35.556
132.551, -686.066, 35.556
133.509, -685.773, 35.556
134.464, -685.473, 35.556
135.416, -685.166, 35.556
136.366, -684.852, 35.556
137.358, -684.517, 35.556
138.347, -684.174, 35.556
139.334, -683.824, 35.556
140.318, -683.466, 35.556
141.299, -683.102, 35.556
142.277, -682.731, 35.556
143.253, -682.353, 35.556
144.226, -681.968, 35.556
145.197, -681.576, 35.556
146.165, -681.178, 35.556
147.131, -680.774, 35.556
148.094, -680.363, 35.556
149.055, -679.945, 35.556
149.970, -679.541, 35.556
150.883, -679.132, 35.556
151.793, -678.717, 35.556
152.702, -678.296, 35.556
153.608, -677.871, 35.556
154.513, -677.439, 35.556
155.415, -677.003, 35.556
156.316, -676.562, 35.556
157.214, -676.116, 35.556
158.111, -675.664, 35.556
159.006, -675.208, 35.556
159.899, -674.747, 35.556
160.790, -674.282, 35.556
161.679, -673.812, 35.556
162.567, -673.337, 35.556
163.453, -672.858, 35.556
164.337, -672.374, 35.556
165.219, -671.886, 35.556
166.100, -671.394, 35.556
166.980, -670.898, 35.556
167.857, -670.398, 35.556
168.733, -669.894, 35.556
169.608, -669.386, 35.556
170.481, -668.874, 35.556
171.353, -668.358, 35.556
172.223, -667.839, 35.556
173.092, -667.316, 35.556
173.960, -666.789, 35.556
174.826, -666.260, 35.556
175.691, -665.726, 35.556
176.555, -665.190, 35.556
177.417, -664.650, 35.556
178.278, -664.108, 35.556
179.138, -663.562, 35.556
179.997, -663.013, 35.556
180.855, -662.462, 35.556
181.712, -661.907, 35.556
182.567, -661.350, 35.556
183.422, -660.791, 35.556
184.275, -660.229, 35.556
185.128, -659.664, 35.556
185.980, -659.097, 35.556
186.830, -658.528, 35.556
187.680, -657.956, 35.556
188.529, -657.382, 35.556
189.378, -656.807, 35.556
190.225, -656.229, 35.556
191.072, -655.649, 35.556
191.918, -655.068, 35.556
192.763, -654.485, 35.556
193.608, -653.900, 35.556
194.451, -653.313, 35.556
195.295, -652.725, 35.556
196.138, -652.136, 35.556
196.980, -651.545, 35.556
197.821, -650.953, 35.556
198.663, -650.360, 35.556
199.503, -649.765, 35.556
200.344, -649.170, 35.556
201.184, -648.574, 35.556
202.023, -647.977, 35.556
202.862, -647.379, 35.556
203.701, -646.780, 35.556
204.540, -646.181, 35.556
205.378, -645.581, 35.556
206.217, -644.980, 35.556
207.055, -644.379, 35.556
207.892, -643.778, 35.556
208.730, -643.177, 35.556
209.568, -642.576, 35.556
210.405, -641.974, 35.556
211.243, -641.373, 35.556
212.080, -640.771, 35.556
212.918, -640.170, 35.556
213.756, -639.569, 35.556
214.593, -638.968, 35.556
215.431, -638.368, 35.556
216.269, -637.768, 35.556
217.107, -637.168, 35.556
217.946, -636.570, 35.556
218.784, -635.972, 35.556
219.623, -635.375, 35.556
220.462, -634.778, 35.556
221.302, -634.183, 35.556
222.141, -633.589, 35.556
222.982, -632.996, 35.556
223.822, -632.404, 35.556
224.663, -631.813, 35.556
225.505, -631.224, 35.556
226.347, -630.636, 35.556
227.190, -630.049, 35.556
228.033, -629.465, 35.556
228.876, -628.881, 35.556
229.721, -628.300, 35.556
230.566, -627.721, 35.556
231.412, -627.143, 35.556
232.258, -626.567, 35.556
233.105, -625.994, 35.556
233.953, -625.422, 35.556
234.802, -624.853, 35.556
235.652, -624.286, 35.556
236.502, -623.722, 35.556
237.354, -623.160, 35.556
238.206, -622.600, 35.556
239.059, -622.044, 35.556
239.914, -621.489, 35.556
240.769, -620.938, 35.556
241.625, -620.390, 35.556
242.483, -619.844, 35.556
243.341, -619.302, 35.556
244.201, -618.762, 35.556
245.062, -618.226, 35.556
245.924, -617.693, 35.556
246.787, -617.163, 35.556
247.652, -616.637, 35.556
248.518, -616.115, 35.556
249.385, -615.596, 35.556
250.254, -615.080, 35.556
251.124, -614.568, 35.556
251.995, -614.061, 35.556
252.868, -613.557, 35.556
253.742, -613.057, 35.556
254.618, -612.561, 35.556
255.495, -612.069, 35.556
256.374, -611.581, 35.556
257.254, -611.098, 35.556
258.136, -610.619, 35.556
259.020, -610.145, 35.556
259.905, -609.675, 35.556
260.793, -609.210, 35.556
261.681, -608.749, 35.556
262.572, -608.293, 35.556
263.507, -607.821, 35.556
264.444, -607.354, 35.556
265.383, -606.893, 35.556
266.324, -606.437, 35.556
267.268, -605.987, 35.556
268.213, -605.543, 35.556
269.161, -605.104, 35.556
270.110, -604.672, 35.556
271.063, -604.245, 35.556
272.017, -603.825, 35.556
272.974, -603.411, 35.556
273.933, -603.004, 35.556
274.894, -602.602, 35.556
275.858, -602.208, 35.556
276.824, -601.820, 35.556
277.793, -601.438, 35.556
278.765, -601.064, 35.556
279.739, -600.696, 35.556
280.715, -600.335, 35.556
281.694, -599.982, 35.556
282.676, -599.635, 35.556
283.661, -599.296, 35.556
284.648, -598.964, 35.556
285.638, -598.639, 35.556
286.631, -598.323, 35.556
287.627, -598.013, 35.556
288.626, -597.712, 35.556
289.627, -597.418, 35.556
290.632, -597.132, 35.556
291.639, -596.854, 35.556
292.650, -596.584, 35.556
293.664, -596.322, 35.556
294.634, -596.080, 35.556
295.607, -595.846, 35.556
296.583, -595.619, 35.556
297.562, -595.400, 35.556
298.544, -595.188, 35.556
299.529, -594.985, 35.556
300.517, -594.790, 35.556
301.508, -594.603, 35.556
302.502, -594.424, 35.556
303.499, -594.253, 35.556
304.500, -594.090, 35.556
305.503, -593.936, 35.556
306.509, -593.790, 35.556
307.519, -593.653, 35.556
308.532, -593.525, 35.556
309.548, -593.405, 35.556
310.568, -593.294, 35.556
311.591, -593.192, 35.556
312.617, -593.099, 35.556
313.647, -593.015, 35.556
314.680, -592.940, 35.556
315.716, -592.874, 35.556
316.756, -592.818, 35.556
317.800, -592.771, 35.556
318.847, -592.733, 35.556
